55113
45642
57935
52343
35216
63071
53423
23686
42892
64131
49568
59994
39367
13751
46311
7514
48370
58684
59761
37314
57191
53954
61265
34280
47291
52297
45542
48877
57143
48407
47993
48645
56493
46461
42587
36676
62848
34365
55932
45958
61267
55837
27527
41864
24408
21247
41655
49375
56328
39325
29928
47187
47055
39570
62569
55505
47633
53078
21151
68886
43321
44495
42692
56589
43568
50088
47094
41533
49053
46914
57735
55574
14717
26497
31609
7731
23304
48728
43998
50743
50336
54839
59429
55236
24245
63387
55789
52218
52836
35001
50500
62847
40401
49313
53285
40151
47802
45920
51881
28086
35418
69003
32200
36845
13589
47163
42333
46488
46165
61569
55737
46511
40064
43430
57366
32098
15490
48868
65100
60515
28258
50454
72478
53918
48788
45096
39487
55638
46483
61172
50939
37200
35364
55197
13328
39029
31674
41225
46196
21531
52440
61363
27328
61958
17751
37104
44867
46347
46524
57877
48571
53401
55147
54938
9346
26820
53343
49966
33861
56093
52307
54067
37292
52029
55695
49279
54860
38908
63384
39510
55016
42319
59318
51771
37597
61155
42797
56905
53174
54916
50739
40818
54869
50071
50626
48604
41242
31138
51510
44128
49243
35411
16793
60720
46476
33865
4377
59874
50205
37791
44358
49346
54159
47684
47808
48736
59049
51756
24403
1528
56664
47633
34782
49200
57598
31489
48327
48878
42429
39541
62648
57340
60825
56879
58926
40181
39930
60966
50937
24555
28194
44572
47462
49928
57098
39038
49679
47722
55804
39281
46159
58572
43730
53641
50309
1541
49484
66600
59450
58591
54602
57044
65623
40118
50748
47713
36568
44021
42976
58032
55944
49162
45220
53691
46033
50834
46925
50730
